taxa 13_FC_Irr 13_FC_Dry 12_Gr_Irr 12_Gr_Dry
2174-05 117.76 78.75 180.12 85.75
2180 131.75 69.87 187.31 94.15
ABOVE 146.25 72.04 181.04 77.58
AGATE 124.6 75.7 118.3 77
ALICE 122.52 80.94 171.83 89.01
ALLIANCE 125.06 72.65 185.69 80.08
ANTELOPE 117.54 72 160.52 90.07
ANTON 126.34 71.27 172.27 95.55
ARAPAHOE 147.52 72.95 145.66 76.42
ARLIN 144.48 71.47 211.14 79.14
AVALANCHE 111.33 80.46 175.02 93.83
BENNETT 115.1 78.93 165.52 93.28
BIG_SKY 127.91 73.49 75.25 102.14
BILL_BROWN 133.57 78.94 191.88 85.11
BOND_CL 137.08 74.6 170.21 83.96
BRONZE 111.76 64.41 86.83 84.57
BUCKSKIN 120.26 79.66 144.98 95.38
CO03W043 127.02 76.18 90.84 94.25
THUNDER_CL 131.56 67.45 139.53 88.52
CO03W054 129.2 81.06 156.77 79.23
CO04025 127.07 75.42 157.89 80.9
CO04393 136.46 77.18 168.36 79.9
CO04499 138.33 74.52 157.91 86.73
CO04W320 127.24 84.5 113.53 96.6
CO03064 122.66 81.15 160.77 90.39
CAPROCK 131.7 73.48 153.74 79.43
CARSON 132.24 77.22 145.38 88.13
CENTERFIELD 117.79 73.27 215.02 88.33
CENTURA 125.51 75.83 155.54 79.53
CENTURK78 133 70.64 156.19 95.54
CENTURY 108.69 69.79 146.88 90
CHENEY 121.65 72.35 85.84 95.59
CHEYENNE 130.73 76.18 95.85 73.34
CHISHOLM 123.26 81.42 213.99 90.39
COLT 119.14 74.7 160.6 87.97
COUGAR 135.25 76.75 134.53 97.16
CREST 120.27 69.72 130.94 89.83
CRIMSON 126.45 69.69 144.12 74.08
CULVER 125.14 75.35 127.58 92.85
CUSTER 110.21 77.49 215.77 87.11
DANBY 132.39 76.5 200.19 87.48
DARRELL 130.77 78.02 180.01 74.08
DAWN 116.55 83.88 160.17 75.65
DELIVER 139.24 79.72 126.63 110.02
DODGE 104.84 76.37 157 75.37
DUKE 115.54 74.48 153.68 95.42
DUSTER 125.76 73.21 191.19 84.1
ENDURANCE 135.78 78.18 167.69 98.64
EXPEDITION 133.32 75.38 148.22 95.32
FULLER 110.26 74.15 132.58 84.34
G1878 107.67 75.78 175.3 77.35
GAGE 121.48 71.59 127.38 89.72
GENOU 118.94 71.64 110.72 83.14
GENT 114.14 70.73 150.05 93.84
GOODSTREAK 114.47 76.19 170.33 80.35
GUYMON 118.69 67.08 166.67 92.9
HG-9 110.25 65.02 136.88 82.22
HV906-865 131.87 82.34 173.64 70.25
HV9W03-1379R 110.21 64.9 130.61 75.64
HV9W03-1551WP 128.37 71.94 174.55 88.32
HV9W03-1596R 115.48 76.15 172.91 76.59
HV9W05-1280R 127.18 80.11 192.14 92.46
HV9W06-504 137.56 68.49 125 86.07
HAIL 117.03 70.14 127.35 93.52
HALLAM 118.99 78.46 148.88 92.43
HALT 130.81 77.42 180.86 93.71
HARDING 113.56 77.87 89.82 89.14
HARRY 114.27 74.54 152.23 87.19
HATCHER 133.09 74.17 188.88 100.03
HOMESTEAD 129.54 73.13 160.27 82.84
HUME 116.32 75.08 92.5 86.65
INFINITY_CL 134 75.13 125.51 86.02
INTRADA 126.81 75.86 198.24 93.77
JAGGER 118.42 83.35 176.97 81.95
JERRY 122.2 69.71 148 77.78
JUDITH 122.82 70.72 116.12 74.45
JULES 118.46 70.11 150.69 90.83
OK05204 112.72 81.75 170.01 85.32
KARL_92 113.05 74.03 144.12 87.32
KHARKOF 117.91 73.22 112.57 85.57
LAKIN 124.62 85.92 171.27 76.41
LAMAR 127.55 79.4 112.22 92.1
LANCER 105.9 73.65 114.22 83.51
LARNED 117.93 69.78 165.63 95.38
LINDON 121.03 72.82 126.63 80.58
LOCKETT 109.57 70.05 156.39 98.22
MT0495 116.43 69.54 146.03 79.61
DECADE 132.07 69.38 105.89 75.35
MT06103 119.74 65.44 142.89 87.71
MT85200 122.48 78.29 -999 92.88
MT9513 127.96 66.9 98.73 98.07
MT9904 118.82 65.83 145.36 90.84
MT9982 131.63 76.29 136.08 68.33
MTS0531 118.14 73.95 155.77 83.54
JUDEE 113.35 65.86 99.82 88.97
MACE 123.41 66.33 195.85 92.07
MILLENNIUM 120.55 79.68 143.07 81.42
MIT 118.81 70.55 193.93 86.36
CAMELOT 125.04 70.21 145.76 100.08
OVERLAND 122.33 89.91 165.41 90.35
NE99495 123.13 82.81 150.26 71.91
SETTLER_CL 122.61 72.84 164.2 95.85
NEKOTA 108.96 67.63 181.65 99.67
NELL 123.05 72.52 154.15 81.25
NEWTON 125.01 75.7 193.98 87.03
NIOBRARA 125.09 78.89 120.3 77.85
NORKAN 128.88 75.42 172.86 67.55
NORRIS 121.81 74.73 190.27 105.43
NUSKY 116.28 76.36 80.88 75.07
NUPLAINS 116.29 70.53 138.56 83.31
OK02405 114.24 81.33 153.91 94.46
PETE 108.22 74.93 140.35 88.71
BILLINGS 131.16 65.56 224.26 87.77
OK04111 122.4 79.4 159.14 88.43
OK04415 120.33 82.1 175.62 92.97
OK04505 117.71 81.68 169.49 82.87
OK04507 131.45 86.42 179.83 81.53
OK04525 123.01 68.86 188.28 76.06
OK05108 111.13 74.64 203.74 82.81
OK05122 119.2 70.78 221.39 102.29
OK05134 126.63 77.72 149.84 128.09
GARRISON 119.55 77.39 188.24 90.49
OK05303 130.11 78.91 159.15 93.75
OK05312 123.46 74.56 178.82 91.76
OK05511 122.59 77.69 224.35 93.31
OK05526 110.22 72.75 196.24 93.44
OK05711W 128.18 63.4 155.59 73.2
OK05723W 131.67 74.37 167.72 95.14
OK05830 117.15 70.2 168.68 85.02
OK06210 122.04 79.21 151.84 85.62
OK06318 117.28 80.81 201 80.28
OK06319 122.17 80.94 173.15 96.69
OK06336 121.93 82.43 191.34 99.69
OK101 101.7 73.18 201.13 96.83
OK102 114.86 80.62 162.3 91.4
OK_BULLET 128.49 79.14 173.75 93.05
OK06114 130.53 70.73 200.86 94.8
OVERLEY 127.73 90.38 134.37 -999
PLATTE 116.84 68.47 191.7 79.75
POSTROCK 107.64 79.68 186.12 82.39
PRAIRIE_RED 126.44 81.26 189.05 93.11
PRONGHORN 119.6 77.51 177.53 111.83
PROWERS 128.01 72.2 125.96 113.24
RAWHIDE 131.27 80.26 170.98 82.55
REDLAND 125.33 67.77 155.27 87.45
RIPPER 115.79 80.58 214.55 79.4
RITA 121.37 73.97 103.61 77.45
ROSE 108.92 64.92 128.98 89.6
ROSEBUD 120.15 76.78 139.39 74.36
LYMAN 119.66 88.84 163.82 86.36
SD01058 133.56 74.71 -999 89.26
SD01237 127.2 79.85 179.31 99.18
SD05118 128.09 66.2 159.86 81.86
SD05210 123.35 75.75 164.49 90.63
SD05W018 122.66 74.93 161.7 93.26
SANDY 127.87 70.98 119.42 94.51
SCOUT66 128.11 74.41 123.16 86.99
SHOCKER 122.36 77.91 131.15 84.4
SIOUXLAND 115.59 78.7 153.79 96.43
SMOKYHILL 119.93 72.59 156.63 98.48
SPARTAN 119.18 75.51 188.69 72.62
STANTON 132.56 80.07 166.52 112.55
STURDY_2K 111.62 68.4 205.69 84.06
STURDY 118.35 72.05 172.22 76.95
TAM105 129.83 74.03 214.37 103.73
TAM107 118.19 68.01 150.95 101.04
TAM109 121.84 71.65 194.35 89.37
TAM110 124.91 65.89 198.13 97.45
TAM111 129.26 78.68 188.94 89.8
TAM112 122.65 88.97 161.82 96.77
TAM200 135.88 78.47 157.62 83.8
TAM202 127.66 73.19 215.19 91.89
TAM203 107.1 86.88 149.49 83.51
TAM302 133.71 79.01 170.57 85.03
TAM303 125 71.38 186.38 80.77
TAM304 135.98 73.74 161.12 84.84
TAM400 117.32 84.88 175.54 81
TAM401 126.29 66.96 170.36 87.98
TAMW-101 122.37 69.84 173.56 86.79
TX00V1131 121.72 71.94 144.12 82.76
TX01A5936 115.39 70.34 180.17 98.65
TX01M5009-28 118.96 69.58 158.09 86.07
TX01V5134RC-3 122.26 79.14 184.35 85.88
TX02A0252 132.5 76.54 168.67 100.3
TX03A0148 106.29 67.7 185.61 87.93
TX03A0563 118.67 77.56 169.32 89.06
TX04A001246 112.01 71.62 168.68 98.11
TX04M410164 130.19 68.9 128.65 94.51
TX04M410211 113.72 71.39 169.05 87.06
TX04V075080 110.75 71.09 178.43 81.15
TX86A5606 112.63 69.94 167.68 103.05
TX86A8072 114.88 71.42 185.76 102.13
TX96D1073 121.55 74.63 143.32 92.33
TX99A0153-1 126.58 64.84 191.18 88.71
TX99U8618 125.91 79.05 190.56 94.26
TAM107-R7 125.68 74.98 184.68 85.05
TANDEM 133.11 69.98 142.6 71.68
TARKIO 118.11 82.39 197.09 98.18
TREGO 126 73.65 193.99 90.37
TRIUMPH64 114.44 79.05 145.78 86.99
TURKEY_NEBSEL 114.92 80 158.15 86.22
VISTA 119.28 74.79 188.35 88.11
VONA 117.87 82.17 176.9 85.96
WAHOO 114.14 70.08 156.1 81.48
WARRIOR 120.58 64.64 141.15 87.47
WENDY 116.64 80.1 173.76 91.49
WESLEY 120.92 72.23 172.69 91.16
WICHITA 109.24 71.09 120.82 78.24
WINDSTAR 142.25 74.22 183.01 93.78
WINOKA 132.54 69.38 165 81.35
YELLOWSTONE 141.28 74.93 152.99 74.95
YUMA 140.05 69.93 146.78 88.11
YUMAR 113.56 65.13 175.74 78
2145 136.44 78.88 178.24 79.8
AKRON 121.51 74.48 133.45 96.59
BISON 125.95 79.52 110.45 83.94
BURCHETT 118.04 81.85 188.8 92.5
CO04W320 127.24 84.5 113.53 96.6
CO940610 123.07 73.42 136.34 79.67
CAMELOT 125.04 70.21 145.76 100.08
COMANCHE 110.28 77.37 116.26 65.76
COSSACK 112.36 73.05 152.05 91.68
CUTTER 116.18 75.08 193.38 90.6
DUMAS 120.61 83.81 157.56 69.46
EAGLE 121.98 70.74 160.75 80.93
ENHANCER 139.9 75.13 190.44 94.89
HEYNE 113.22 71.83 129.37 94.25
HONDO 122.52 66.27 164.11 70.47
JAGALENE 123.81 79.74 162.74 79.55
KS00F5-20-3 117.65 85.99 150.16 91.35
KEOTA 132.71 74.57 139.54 92.51
KIOWA 131.44 71.94 130.54 87.25
KIRWIN 122.37 71.82 159.66 75.04
LINDON 121.03 72.82 126.63 80.58
LONGHORN 110.66 78.34 173.74 88.25
NEOSHO 113.1 71.62 204.16 93.05
NUFRONTIER 129.89 80.39 168.67 86.61
NUHORIZON 124.54 69.32 169.46 97.22
GALLAGHER 115.08 80.75 166.54 76.5
OK07231 144.19 81.34 187.9 98.1
OK07S117 114.66 69.14 143.29 76.08
OK08328 107.42 70.52 154.67 91.72
OK09634 119.48 77.29 191.19 91.02
OK10119 125.18 80.06 156.28 87.95
OK1067071 113 71.73 120.82 86.02
OK1067274 125.4 67.12 115.17 94.94
OK1068002 112.31 77.7 170.63 77.88
OK1068009 118.13 71.34 155.99 75.26
OK1068026 126.63 74.71 188.13 97
OK1068112 124.9 77.3 165.5 94.8
OK1070267 127.93 79.35 65.85 87.54
OK1070275 116.93 74.43 136.04 81.3
OK_RISING 113.25 71.67 163.53 77.44
OGALLALA 117.5 77.38 194.58 95.19
ONAGA 119.45 66.36 153.37 77.43
OVERLAND 122.33 89.91 165.41 90.35
PARKER 111.63 66.34 155.36 89.67
PETE 108.22 74.93 140.35 88.71
RONL 112.28 72.56 192.88 86.73
SAGE 120.26 76.4 172.19 83.62
SETTLER_CL 122.61 72.84 164.2 95.85
SHAWNEE 117.18 70.46 125.09 85.6
TAM105 129.83 74.03 214.37 103.73
TX05A001188 126.03 62.91 145.65 84.4
TX05A001822 108.9 80.26 207.41 98.21
TX05V7259 116.07 82.37 152.45 95.53
TX05V7269 128.95 68.35 197.32 98.54
TX06A001132 110.88 84.47 194.41 101.37
TX06A001263 118.73 74.35 173.65 94.41
TX06A001281 111.1 74.71 162.77 89.63
TX06A001386 116.44 76.21 191.28 91.67
TX06V7266 113.63 70.95 205.89 108.42
TX07A001279 127.9 69.87 187.06 105.24
TX07A001318 127.3 83.46 193.08 109.59
TX07A001420 122.57 66.23 165.86 78.17
TASCOSA 117.98 71.94 99.63 89.09
THUNDER_CL 131.56 67.45 139.53 88.52
THUNDERBOLT 131.74 74.79 164.53 80.21
TRISON 123.75 71.68 122.33 74.2
VENANGO 123.13 79.07 195.79 100.46
W04-417 127.24 78.2 170.79 93.82
WB411W 112.28 76.62 156.85 94.92
